67 42 33 54 8 90 80 6 4 31 18 85 75 48 21 83 59 69 84 51 89 57 79 61 23 100 30 50 63 68 16 49 97 47 44 71 73 19 76 7 45 81 1 9 41 46 86 98 32 82 78 95 55 37 62 26 14 5 77 72 13 66 27 56 0 60 91 38 2 39 70 74 20 36 12 24 65 22 17 53 28 87 64 92 43 52 25 93 94 99 34 10 15 40 3 35 29 58 11 96 88
67 42 33 54 8 80 90 6 4 31 18 85 75 48 21 83 69 59 84 51 89 57 79 23 61 100 30 50 63 68 49 16 97 47 44 71 19 76 73 7 45 81 1 9 41 46 86 98 32 82 95 78 55 37 26 62 14 5 77 72 13 66 27 56 0 60 91 38 2 70 39 74 20 36 12 24 65 17 22 53 28 87 92 64 43 52 25 93 94 99 34 10 15 40 3 35 29 58 11 96 88
16 47 50 57 73 79 30 89 100 61 68 23 63 49 71 44 97 59 51 84 83 69 21 85 48 19 9 75 7 76 81 45 18 1 31 4 86 46 32 98 41 82 6 90 62 78 95 80 37 54 55 26 8 33 5 14 77 72 13 66 56 27 0 60 38 42 2 91 39 70 74 20 36 12 24 22 65 17 53 28 64 87 92 43 52 67 25 93 94 99 34 10 40 15 3 35 29 58 11 96 88
67 42 33 54 8 80 90 6 4 31 18 85 75 48 21 83 69 59 84 51 89 57 79 23 61 100 30 50 63 68 16 49 97 47 44 71 19 73 76 7 45 81 1 9 41 46 86 98 32 82 95 78 55 37 26 62 14 5 77 72 13 66 27 56 0 60 91 38 2 70 39 74 20 36 12 24 65 22 17 53 28 87 92 64 43 52 25 93 94 99 34 10 15 40 3 35 29 58 11 96 88
42 67 33 54 8 90 80 6 4 31 18 85 75 48 21 83 69 59 84 51 89 57 79 61 23 100 50 30 63 16 68 47 49 97 71 44 73 19 76 7 45 81 9 1 46 41 86 32 98 82 78 95 55 37 62 26 14 5 77 72 13 66 56 27 0 60 38 2 91 39 70 74 20 36 12 24 22 65 17 53 28 64 87 92 43 52 25 93 94 99 10 34 40 15 3 35 29 58 11 96 88
16 47 79 57 50 73 89 30 61 100 23 59 63 83 84 68 51 69 85 21 49 71 48 44 97 75 18 31 9 19 4 7 76 81 45 1 6 90 86 46 80 54 32 98 8 41 33 82 62 78 95 37 55 26 42 5 14 77 72 13 66 56 27 0 38 60 2 91 39 70 74 20 36 12 22 24 65 17 53 64 28 87 92 67 43 52 25 93 94 10 99 34 40 15 3 35 29 58 11 96 88
67 42 33 54 8 80 90 6 4 31 18 85 75 48 21 83 69 59 84 51 89 57 79 61 23 100 30 50 63 68 16 49 97 47 44 71 73 19 76 7 45 81 1 9 41 46 86 98 32 82 78 95 55 37 62 26 14 5 77 72 13 66 27 56 0 60 91 38 2 39 70 74 20 36 12 24 65 22 17 53 28 87 64 92 43 52 25 93 94 99 34 10 15 40 3 35 29 58 11 96 88
67 42 33 8 54 80 90 6 4 31 18 85 75 48 21 83 69 59 84 51 89 57 79 23 61 100 30 50 63 68 16 49 97 47 44 71 73 19 76 7 45 81 1 9 41 46 86 98 32 82 95 78 55 37 62 26 14 5 77 72 13 66 27 56 0 60 91 38 2 39 70 74 20 36 12 24 65 22 17 53 28 87 64 92 43 52 25 93 94 99 34 10 15 40 3 35 29 58 11 96 88
67 42 33 54 8 90 80 6 4 31 18 85 75 48 21 59 69 83 84 51 89 57 79 61 23 100 30 50 63 68 49 97 16 47 44 71 19 76 73 7 45 81 1 9 41 46 86 98 32 82 78 95 55 37 26 62 14 5 77 72 13 66 27 56 0 60 91 38 2 70 39 74 20 12 36 24 65 17 22 53 28 87 92 64 43 52 25 93 94 99 34 10 15 40 3 35 29 58 11 96 88
67 42 33 54 8 90 80 6 4 31 18 85 75 48 21 59 69 83 84 51 89 57 79 61 23 100 30 50 63 68 49 97 16 44 47 71 19 76 7 73 45 81 1 9 41 46 86 98 32 82 78 95 55 37 26 62 14 5 77 72 13 66 27 56 0 60 91 38 2 70 39 74 20 12 36 24 65 17 22 53 28 87 92 64 43 52 25 93 94 99 34 10 15 40 3 35 29 58 11 96 88
67 42 33 54 8 80 90 6 4 31 18 85 75 48 21 83 59 69 84 51 89 57 79 23 61 100 30 50 63 68 49 16 97 47 44 71 19 76 73 7 45 81 1 9 41 46 86 98 32 82 95 78 55 37 26 62 14 5 77 72 13 66 27 56 0 60 91 38 2 70 39 74 20 36 12 24 65 17 22 53 28 87 92 64 43 52 25 93 94 99 34 10 15 40 3 35 29 58 11 96 88
67 42 33 54 8 80 90 6 4 31 18 85 75 48 21 83 69 59 84 51 89 57 79 61 23 100 30 50 63 68 16 49 97 47 44 71 73 19 76 7 45 81 1 9 41 46 86 98 32 82 95 78 55 37 62 26 14 5 77 72 13 66 27 56 0 60 91 38 2 39 70 74 20 36 12 24 65 22 17 53 28 87 64 92 43 52 25 93 94 99 34 10 15 40 3 35 29 58 11 96 88
67 42 33 54 8 80 90 6 4 31 18 85 75 48 21 83 59 69 84 51 89 57 79 23 61 100 30 50 63 68 49 16 97 47 44 71 19 76 73 7 45 81 1 9 41 46 86 98 32 82 95 78 55 37 26 62 14 5 77 72 13 66 27 56 0 60 91 38 2 70 39 74 20 36 12 24 65 17 22 53 28 87 92 64 43 52 25 93 94 99 34 10 15 40 3 35 29 58 11 96 88
33 31 4 18 54 90 6 85 8 80 48 83 21 75 59 79 69 57 89 84 42 51 16 50 61 23 100 30 63 47 68 49 97 71 73 44 19 9 76 7 45 81 1 67 46 86 41 32 98 82 78 95 62 37 55 26 14 5 77 72 13 66 56 27 0 60 38 2 91 39 70 74 20 36 12 22 24 65 17 53 28 64 87 92 43 52 25 93 94 10 99 34 40 15 3 35 29 58 11 96 88
54 42 90 6 33 80 8 31 4 18 85 48 75 21 59 69 83 84 89 51 57 61 23 30 79 100 50 63 68 67 49 97 16 44 71 47 19 76 7 45 81 73 1 9 41 46 86 98 32 82 78 95 55 37 26 62 14 5 77 72 13 66 27 56 0 60 91 38 2 70 39 74 20 12 36 24 65 17 53 22 28 87 92 64 43 52 25 93 94 99 34 10 15 40 3 35 29 58 11 96 88
67 42 33 54 8 90 80 6 4 31 18 85 75 48 21 59 69 83 84 51 89 57 79 61 23 100 30 50 63 68 49 97 16 44 47 71 19 76 7 73 45 81 1 9 41 46 86 98 32 82 95 78 55 37 26 62 14 5 77 72 13 66 27 56 0 60 91 38 2 70 39 74 20 12 36 24 65 17 22 53 28 87 92 64 43 52 25 93 94 99 34 10 15 40 3 35 29 58 11 96 88
67 42 33 8 54 80 90 6 4 31 18 85 75 48 21 83 69 59 84 51 89 57 79 23 61 100 30 50 63 68 16 49 97 47 44 71 19 73 76 7 45 81 1 9 41 46 86 98 32 82 95 78 55 37 62 26 14 5 77 72 13 66 27 56 0 60 91 38 2 39 70 74 20 36 12 24 65 22 17 53 28 87 92 64 43 52 25 93 94 99 34 10 15 40 3 35 29 58 11 96 88
67 42 33 54 8 80 90 6 4 31 18 85 75 48 21 83 69 59 84 51 89 57 79 23 61 100 30 50 63 68 16 49 97 47 44 71 19 76 73 7 45 81 1 9 41 46 86 98 32 82 95 78 55 37 26 62 14 5 77 72 13 66 27 56 0 60 91 38 2 70 39 74 20 36 12 24 65 22 17 53 28 87 92 64 43 52 25 93 94 99 34 10 15 40 3 35 29 58 11 96 88
67 42 33 54 8 80 90 6 4 31 18 85 75 48 21 83 69 59 84 51 89 57 79 23 61 100 30 50 63 68 49 16 97 47 44 71 19 76 73 7 45 81 1 9 41 46 86 98 32 82 95 78 55 37 26 62 14 5 77 72 13 66 27 56 0 60 91 38 2 70 39 74 20 36 12 24 65 17 22 53 28 87 92 64 43 52 25 93 94 99 34 10 15 40 3 35 29 58 11 96 88
42 33 54 90 8 80 6 4 67 31 18 85 48 75 21 59 83 69 84 51 89 57 79 61 23 100 30 50 63 68 16 49 97 47 44 71 19 73 76 7 45 81 1 9 41 46 86 98 32 82 78 95 55 37 62 26 14 5 77 72 13 66 27 56 0 60 91 38 2 39 70 74 20 36 12 24 65 22 17 53 28 87 92 64 43 52 25 93 94 99 34 10 15 40 3 35 29 58 11 96 88
67 42 33 54 8 90 80 6 4 31 18 85 75 48 21 59 69 83 84 51 89 57 79 61 23 100 30 50 63 68 49 97 16 47 44 71 19 76 73 7 45 81 1 9 41 46 86 98 32 82 78 95 55 37 26 62 14 5 77 72 13 66 27 56 0 60 91 38 2 70 39 74 20 12 36 24 65 17 22 53 28 87 92 64 43 52 25 93 94 99 34 10 15 40 3 35 29 58 11 96 88
67 42 33 54 8 80 90 6 4 31 18 85 75 48 21 83 69 59 84 51 89 57 79 61 23 100 30 50 63 68 16 49 97 47 44 71 73 19 76 7 45 81 1 9 41 46 86 98 32 82 78 95 55 37 62 26 14 5 77 72 13 66 27 56 0 60 91 38 2 39 70 74 20 36 12 24 65 22 17 53 28 87 64 92 43 52 25 93 94 99 34 10 15 40 3 35 29 58 11 96 88
67 42 33 54 8 80 90 6 4 31 18 85 75 48 21 83 69 59 84 51 89 57 79 23 61 100 30 50 63 68 49 16 97 47 44 71 19 76 73 7 45 81 1 9 41 46 86 98 32 82 95 78 55 37 26 62 14 5 77 72 13 66 27 56 0 60 91 38 2 70 39 74 20 36 12 24 65 17 22 53 28 87 92 64 43 52 25 93 94 99 34 10 15 40 3 35 29 58 11 96 88
67 42 33 8 54 80 90 6 4 31 18 85 75 48 21 83 69 59 84 51 89 57 79 23 61 100 30 63 50 68 16 49 97 47 44 71 19 73 76 7 45 81 1 9 41 46 86 98 32 82 95 78 55 37 26 62 14 5 77 72 13 66 27 56 0 60 91 38 2 70 39 74 20 36 12 24 65 22 17 53 28 87 92 64 43 52 25 93 94 99 34 10 15 40 3 35 29 58 11 96 88
67 42 33 54 8 80 90 6 4 31 18 85 75 48 21 83 69 59 84 51 89 57 79 23 61 100 30 50 63 68 49 16 97 47 44 71 19 76 73 7 45 81 1 9 41 46 86 98 32 82 95 78 55 37 26 62 14 5 77 72 13 66 27 56 0 60 91 38 2 70 39 74 20 36 12 24 65 17 22 53 28 87 92 64 43 52 25 93 94 99 34 10 15 40 3 35 29 58 11 96 88
42 67 33 54 8 90 80 6 4 31 18 85 75 48 21 83 59 69 84 51 89 57 79 61 23 100 30 50 63 68 16 49 97 47 44 71 73 19 76 7 45 81 1 9 41 46 86 98 32 82 78 95 55 37 62 26 14 5 77 72 13 66 27 56 0 60 91 38 2 39 70 74 20 36 12 24 65 22 17 53 28 87 64 92 43 52 25 93 94 99 34 10 15 40 3 35 29 58 11 96 88
67 42 33 54 8 80 90 6 4 31 18 85 75 48 21 83 69 59 84 51 89 57 79 61 23 100 30 50 63 68 16 49 97 47 44 71 73 19 76 7 45 81 1 9 41 46 86 98 32 82 95 78 55 37 62 26 14 5 77 72 13 66 27 56 0 60 91 38 2 39 70 74 20 36 12 24 65 22 17 53 28 87 64 92 43 52 25 93 94 99 34 10 15 40 3 35 29 58 11 96 88
42 33 54 90 8 80 6 4 31 18 67 85 48 75 21 59 69 83 84 51 89 57 79 61 23 100 30 50 63 68 16 49 97 47 44 71 19 76 73 7 45 81 1 9 41 46 86 98 32 82 78 95 55 37 62 26 14 5 77 72 13 66 27 56 0 60 91 38 2 70 39 74 20 36 12 24 65 22 17 53 28 87 92 64 43 52 25 93 94 99 34 10 15 40 3 35 29 58 11 96 88
40 22 3 58 10 11 34 94 15 29 35 93 99 96 25 52 64 43 17 92 28 65 53 87 88 39 36 24 12 20 2 38 74 70 91 60 56 0 66 27 77 13 72 5 62 14 26 37 78 95 82 55 32 98 86 9 46 73 41 1 81 7 45 76 19 47 71 44 16 49 97 68 50 63 30 100 61 23 79 57 89 51 84 59 69 83 21 48 75 85 18 31 4 6 90 80 54 8 33 42 67
42 67 33 54 8 90 80 6 4 31 18 85 48 75 21 59 69 83 84 51 89 57 79 61 23 100 30 50 63 68 49 97 16 44 71 47 19 76 7 45 73 81 1 9 41 46 86 98 32 82 78 95 55 37 26 62 14 5 77 72 13 66 27 56 0 60 91 38 2 70 39 74 20 12 36 24 65 17 22 53 28 87 92 64 43 52 25 93 94 99 34 10 15 40 3 35 29 58 11 96 88
88 96 11 58 29 3 35 40 10 15 34 94 99 93 25 22 52 43 64 92 28 87 53 17 65 24 36 12 39 20 74 2 70 38 91 60 0 56 66 27 77 13 72 5 62 14 26 37 78 95 55 82 32 98 86 9 46 73 41 1 81 7 45 76 19 47 71 44 16 49 97 68 50 63 30 100 61 23 79 57 89 51 84 59 83 69 21 48 75 85 18 31 4 6 90 80 54 8 33 42 67
42 33 54 67 90 8 80 6 4 31 18 85 48 75 21 59 69 83 84 51 89 57 79 61 23 100 30 50 63 68 49 97 16 44 71 47 19 76 7 45 73 81 1 9 41 46 86 98 32 82 78 95 55 37 26 62 14 5 77 72 13 66 27 56 0 60 91 38 2 70 39 74 20 12 36 24 65 17 22 53 28 87 92 64 43 52 25 93 94 99 34 10 15 40 3 35 29 58 11 96 88
16 47 79 57 73 50 89 30 61 100 83 59 23 84 69 51 85 21 63 68 48 49 71 75 44 97 18 31 9 4 19 7 81 45 76 1 6 90 80 54 86 33 8 46 32 98 41 82 62 78 95 37 55 26 42 5 14 77 72 13 66 56 27 0 38 2 60 91 39 70 74 20 36 22 12 65 24 17 53 64 67 28 87 92 43 52 25 93 94 10 99 34 40 3 15 35 29 58 11 96 88
67 42 33 54 8 80 90 6 4 31 18 85 75 48 21 83 69 59 84 51 89 57 79 61 23 100 30 50 63 68 16 49 97 47 44 71 19 73 76 7 45 81 1 9 41 46 86 98 32 82 95 78 55 37 62 26 14 5 77 72 13 66 27 56 0 60 91 38 2 39 70 74 20 36 12 24 65 22 17 53 28 87 92 64 43 52 25 93 94 99 34 10 15 40 3 35 29 58 11 96 88
33 31 4 54 18 8 90 6 80 85 42 48 83 21 75 79 69 59 57 89 84 51 16 50 61 23 100 30 63 47 68 49 97 73 71 44 19 9 67 7 76 45 81 1 46 86 41 32 98 82 78 95 62 37 55 26 14 5 77 72 13 66 56 27 0 60 38 2 91 39 70 74 20 36 12 22 24 65 17 53 64 28 87 92 43 52 25 93 94 10 99 34 40 3 15 35 29 58 11 96 88
67 42 33 54 8 90 80 6 4 31 18 85 75 48 21 59 83 69 84 51 89 57 79 61 23 100 30 50 63 68 49 16 97 47 44 71 19 76 73 7 45 81 1 9 41 46 86 98 32 82 95 78 55 37 26 62 14 5 77 72 13 66 27 56 0 60 91 38 2 70 39 74 20 36 12 24 65 17 22 53 28 87 92 64 43 52 25 93 94 99 34 10 15 40 3 35 29 58 11 96 88
31 18 4 85 90 33 6 54 48 21 59 57 83 89 69 79 75 80 84 8 51 50 16 61 30 100 23 63 42 68 47 49 97 71 44 73 19 76 7 45 9 81 1 46 86 41 32 98 82 78 95 62 37 55 26 67 14 5 77 72 13 66 56 27 0 60 38 2 91 39 70 74 20 36 12 24 65 22 17 53 28 87 64 92 43 52 25 93 94 99 34 10 40 15 3 35 29 58 11 96 88
67 42 33 54 8 90 80 6 4 31 18 85 75 48 21 59 83 69 84 51 89 57 79 61 23 100 30 50 63 68 49 97 16 47 44 71 19 76 73 7 45 81 1 9 41 46 86 98 32 82 95 78 55 37 26 62 14 5 77 72 13 66 27 56 0 60 91 38 2 70 39 74 20 12 36 24 65 17 22 53 28 87 92 64 43 52 25 93 94 99 34 10 15 40 3 35 29 58 11 96 88
67 42 33 54 8 90 80 6 4 31 18 85 75 48 21 59 69 83 84 51 89 57 79 61 23 100 30 50 63 68 49 97 16 44 47 71 19 76 73 7 45 81 1 9 41 46 86 98 32 82 78 95 55 37 26 62 14 5 77 72 13 66 27 56 0 60 91 38 2 70 39 74 20 12 36 24 65 17 22 53 28 87 92 64 43 52 25 93 94 99 34 10 15 40 3 35 29 58 11 96 88
57 16 89 50 79 85 59 30 61 100 84 21 69 83 51 48 23 18 47 63 31 75 68 4 49 97 71 44 90 6 73 54 80 19 8 33 76 7 45 81 9 1 86 46 41 98 32 42 82 78 95 37 62 55 26 14 5 77 72 13 66 56 27 0 60 38 91 2 39 70 74 20 36 12 67 24 65 22 17 53 28 87 64 92 43 52 25 93 94 99 34 10 15 40 3 35 29 58 11 96 88
67 42 33 54 8 90 80 6 4 31 18 85 75 48 21 59 69 83 84 51 89 57 79 61 23 100 30 50 63 68 49 97 16 44 47 71 19 76 73 7 45 81 1 9 41 46 86 98 32 82 78 95 55 37 26 62 14 5 77 72 13 66 27 56 0 60 91 38 2 70 39 74 20 12 36 24 65 17 22 53 28 87 92 64 43 52 25 93 94 99 34 10 15 40 3 35 29 58 11 96 88
42 67 33 54 8 90 80 6 4 31 18 85 48 75 21 59 69 83 84 51 89 57 79 61 23 100 30 50 63 68 49 97 16 47 44 71 19 76 73 7 45 81 1 9 41 46 86 98 32 82 78 95 55 37 26 62 14 5 77 72 13 66 27 56 0 60 91 38 2 70 39 74 20 36 12 24 65 17 22 53 28 87 92 64 43 52 25 93 94 99 34 10 15 40 3 35 29 58 11 96 88
67 42 33 54 8 90 80 6 4 31 18 85 75 48 21 59 83 69 84 51 89 57 79 61 23 100 30 50 63 68 49 97 16 47 44 71 19 76 73 7 45 81 1 9 41 46 86 98 32 82 95 78 55 37 26 62 14 5 77 72 13 66 27 56 0 60 91 38 2 70 39 74 20 12 36 24 65 17 22 53 28 87 92 64 43 52 25 93 94 99 34 10 15 40 3 35 29 58 11 96 88
57 89 85 50 59 79 16 61 30 21 18 84 48 69 100 83 51 23 31 75 63 68 4 47 49 97 90 6 71 44 54 80 73 8 33 19 76 7 45 81 9 1 86 46 42 41 98 32 82 78 95 37 55 62 26 14 5 77 72 13 66 56 27 0 60 38 91 2 39 70 74 20 67 36 12 24 65 22 17 53 28 87 64 92 43 52 25 93 94 99 34 10 15 40 3 35 29 58 11 96 88
67 42 33 54 8 80 90 6 4 31 18 85 75 48 21 83 69 59 84 51 89 57 79 23 61 100 30 50 63 68 16 49 97 47 44 71 19 73 76 7 45 81 1 9 41 46 86 98 32 82 95 78 55 37 26 62 14 5 77 72 13 66 27 56 0 60 91 38 2 70 39 74 20 36 12 24 65 22 17 53 28 87 92 64 43 52 25 93 94 99 34 10 15 40 3 35 29 58 11 96 88
67 42 33 54 8 90 80 6 4 31 18 85 75 48 21 59 69 83 84 51 89 57 79 61 23 100 30 50 63 68 49 97 16 44 47 71 19 76 73 7 45 81 1 9 41 46 86 98 32 82 95 78 55 37 26 62 14 5 77 72 13 66 27 56 0 60 91 38 2 70 39 74 20 12 36 24 65 17 22 53 28 87 92 64 43 52 25 93 94 99 34 10 15 40 3 35 29 58 11 96 88
67 42 33 54 8 80 90 6 4 31 18 85 75 48 21 83 69 59 84 51 89 57 79 23 61 100 30 50 63 68 49 16 97 47 44 71 19 76 73 7 45 81 1 9 41 46 86 98 32 82 95 78 55 37 26 62 14 5 77 72 13 66 27 56 0 60 91 38 2 70 39 74 20 36 12 24 65 17 22 53 28 87 92 64 43 52 25 93 94 99 34 10 15 40 3 35 29 58 11 96 88
67 42 33 54 8 80 90 6 4 31 18 85 75 48 21 83 69 59 84 51 89 57 79 23 61 100 30 50 63 68 16 49 97 47 44 71 19 73 76 7 45 81 1 9 41 46 86 98 32 82 95 78 55 37 26 62 14 5 77 72 13 66 27 56 0 60 91 38 2 70 39 74 20 36 12 24 65 22 17 53 28 87 92 64 43 52 25 93 94 99 34 10 15 40 3 35 29 58 11 96 88
67 42 33 8 54 80 90 6 4 31 18 85 75 48 21 83 69 59 84 51 89 57 79 23 61 100 30 50 63 68 16 49 97 47 44 71 19 73 76 7 45 81 1 9 41 46 86 98 32 82 95 78 55 37 26 62 14 5 77 72 13 66 27 56 0 60 91 38 2 70 39 74 20 36 12 24 65 22 17 53 28 87 92 64 43 52 25 93 94 99 34 10 15 40 3 35 29 58 11 96 88
16 47 73 50 57 79 30 100 61 89 71 49 68 63 23 44 97 51 59 84 9 83 69 21 19 85 48 7 81 76 45 75 1 18 31 86 46 32 4 98 41 82 62 78 95 6 37 90 55 26 80 54 8 33 5 14 77 72 13 66 56 27 0 60 38 2 91 42 39 70 74 20 36 12 22 24 65 17 53 64 28 87 92 43 52 67 25 93 94 99 10 34 40 15 3 35 29 58 11 96 88
67 42 33 54 8 90 80 6 4 31 18 85 75 48 21 59 83 69 84 51 89 57 79 23 61 100 30 50 63 68 49 97 16 47 44 71 19 76 73 7 45 81 1 9 41 46 86 98 32 82 95 78 55 37 26 62 14 5 77 72 13 66 27 56 0 60 91 38 2 70 39 74 20 12 36 24 65 17 22 53 28 87 92 64 43 52 25 93 94 99 34 10 15 40 3 35 29 58 11 96 88
67 42 33 54 8 80 90 6 4 31 18 85 75 48 21 83 69 59 84 51 89 57 79 23 61 100 30 50 63 68 16 49 97 47 44 71 19 73 76 7 45 81 1 9 41 46 86 98 32 82 95 78 55 37 26 62 14 5 77 72 13 66 27 56 0 60 91 38 2 70 39 74 20 36 12 24 65 22 17 53 28 87 92 64 43 52 25 93 94 99 34 10 15 40 3 35 29 58 11 96 88
67 42 33 54 8 80 90 6 4 31 18 85 75 48 21 83 69 59 84 51 89 57 79 23 61 100 30 50 63 68 16 49 97 47 44 71 19 76 73 7 45 81 1 9 41 46 86 98 32 82 95 78 55 37 26 62 14 5 77 72 13 66 27 56 0 60 91 38 2 70 39 74 20 36 12 24 65 17 22 53 28 87 92 64 43 52 25 93 94 99 34 10 15 40 3 35 29 58 11 96 88
67 42 33 54 8 80 90 6 4 31 18 85 75 48 21 83 69 59 84 51 89 57 79 23 61 100 30 50 63 68 49 16 97 47 44 71 19 76 73 7 45 81 1 9 41 46 86 98 32 82 95 78 55 37 26 62 14 5 77 72 13 66 27 56 0 60 91 38 2 70 39 74 20 36 12 24 65 17 22 53 28 87 92 64 43 52 25 93 94 99 34 10 15 40 3 35 29 58 11 96 88
67 42 33 54 8 80 90 6 4 31 18 85 75 48 21 59 83 69 84 51 89 57 79 23 61 100 30 50 63 68 49 97 16 47 44 71 19 76 73 7 45 81 1 9 41 46 86 98 32 82 95 78 55 37 26 62 14 5 77 72 13 66 27 56 0 60 91 38 2 70 39 74 20 12 36 24 65 17 22 53 28 87 92 64 43 52 25 93 94 99 34 10 15 40 3 35 29 58 11 96 88
42 67 33 54 8 90 80 6 4 31 18 85 75 48 21 83 59 69 84 51 89 57 79 61 23 100 30 50 63 68 16 49 97 47 44 71 73 19 76 7 45 81 1 9 41 46 86 98 32 82 78 95 55 37 62 26 14 5 77 72 13 66 56 27 0 60 91 38 2 39 70 74 20 36 12 24 65 22 17 53 28 87 64 92 43 52 25 93 94 99 34 10 15 40 3 35 29 58 11 96 88
42 67 33 54 8 90 80 6 4 31 18 85 48 75 21 59 69 83 84 51 89 57 79 61 23 100 30 50 63 68 49 97 16 44 47 71 19 76 7 73 45 81 1 9 41 46 86 98 32 82 78 95 55 37 26 62 14 5 77 72 13 66 27 56 0 60 91 38 2 70 39 74 20 12 36 24 65 17 22 53 28 87 92 64 43 52 25 93 94 99 34 10 15 40 3 35 29 58 11 96 88
88 96 11 58 29 35 40 3 15 10 34 94 99 93 25 52 43 22 64 92 87 28 53 17 65 24 36 12 20 39 74 70 2 38 91 60 0 56 27 66 13 72 77 5 14 62 26 37 78 95 55 82 32 98 86 46 9 41 1 73 81 45 7 76 19 47 71 44 16 97 49 68 50 63 30 100 61 23 79 57 89 51 84 59 69 83 21 48 75 85 18 31 4 6 90 80 54 8 33 42 67
73 47 9 16 86 81 7 32 19 1 71 98 62 45 46 82 76 44 37 78 95 26 49 41 97 55 50 5 68 77 72 13 30 56 66 14 100 63 27 61 0 23 38 57 2 79 60 89 91 39 51 84 59 69 83 70 21 74 48 20 85 75 36 12 22 18 24 65 31 4 17 53 64 28 87 92 6 90 80 54 43 8 52 33 25 93 94 99 34 10 42 40 15 3 35 29 58 11 96 67 88
67 42 33 54 8 80 90 6 4 31 18 85 75 48 21 83 69 59 84 51 89 57 79 23 61 100 30 50 63 68 16 49 97 47 44 71 19 76 73 7 45 81 1 9 41 46 86 98 32 82 95 78 55 37 26 62 14 5 77 72 13 66 27 56 0 60 91 38 2 70 39 74 20 36 12 24 65 17 22 53 28 87 92 64 43 52 25 93 94 99 34 10 15 40 3 35 29 58 11 96 88
67 42 33 54 8 80 90 6 4 31 18 85 75 48 21 83 69 59 84 51 89 57 79 23 61 100 30 50 63 68 16 49 97 47 44 71 19 76 73 7 45 81 1 9 41 46 86 98 32 82 95 78 55 37 26 62 14 5 77 72 13 66 27 56 0 60 91 38 2 70 39 74 20 36 12 24 65 17 22 53 28 87 92 64 43 52 25 93 94 99 34 10 15 40 3 35 29 58 11 96 88
42 33 54 8 90 80 6 67 4 31 18 85 48 75 21 83 59 69 84 51 89 57 79 61 23 100 30 50 63 68 16 49 97 47 44 71 73 19 76 7 45 81 1 9 41 46 86 98 32 82 78 95 55 37 62 26 14 5 77 72 13 66 27 56 0 60 91 38 2 39 70 74 20 36 12 24 65 22 17 53 28 87 64 92 43 52 25 93 94 99 34 10 15 40 3 35 29 58 11 96 88
90 54 6 31 18 80 4 33 42 8 85 48 75 59 21 69 84 83 89 51 57 61 23 30 100 50 79 63 68 49 97 16 44 71 47 19 76 67 7 45 81 73 1 9 41 46 86 98 32 82 78 95 55 37 26 62 14 5 77 72 13 66 27 56 0 60 91 38 2 70 39 74 20 12 36 24 65 17 53 22 28 87 92 64 43 52 25 93 94 99 34 10 15 40 3 35 29 58 11 96 88
67 42 33 54 8 80 90 6 4 31 18 85 75 48 21 83 69 59 84 51 89 57 79 23 61 100 30 50 63 68 49 16 97 47 44 71 19 76 73 7 45 81 1 9 41 46 86 98 32 82 95 78 55 37 26 62 14 5 77 72 13 66 27 56 0 60 91 38 2 70 39 74 20 36 12 24 65 17 22 53 28 87 92 64 43 52 25 93 94 99 34 10 15 40 3 35 29 58 11 96 88
42 33 54 90 8 80 6 4 31 18 67 85 48 75 21 59 69 83 84 51 89 57 79 61 23 100 30 50 63 68 49 16 97 47 44 71 19 76 73 7 45 81 1 9 41 46 86 98 32 82 78 95 55 37 26 62 14 5 77 72 13 66 27 56 0 60 91 38 2 70 39 74 20 36 12 24 65 17 22 53 28 87 92 64 43 52 25 93 94 99 34 10 15 40 3 35 29 58 11 96 88
67 42 33 54 8 90 80 6 4 31 18 85 75 48 21 59 69 83 84 51 89 57 79 61 23 100 30 50 63 68 49 97 16 44 71 47 19 76 7 45 73 81 1 9 41 46 86 98 32 82 78 95 55 37 26 62 14 5 77 72 13 66 27 56 0 60 91 38 2 70 39 74 20 12 36 24 65 17 22 53 28 87 92 64 43 52 25 93 94 99 34 10 15 40 3 35 29 58 11 96 88
67 42 33 54 8 80 90 6 4 31 18 85 75 48 21 83 69 59 84 51 89 57 79 23 61 100 30 50 63 68 49 16 97 47 44 71 19 76 73 7 45 81 1 9 41 46 86 98 32 82 95 78 55 37 26 62 14 5 77 72 13 66 27 56 0 60 91 38 2 70 39 74 20 36 12 24 65 17 22 53 28 87 92 64 43 52 25 93 94 99 34 10 15 40 3 35 29 58 11 96 88
50 89 57 30 85 61 59 100 79 16 23 84 51 21 69 48 83 63 18 68 75 31 47 49 97 4 71 44 90 6 73 19 80 54 76 7 45 81 8 1 9 33 86 46 41 98 32 82 42 78 95 37 55 62 26 14 5 77 72 13 66 56 27 0 60 91 38 2 39 70 74 20 36 12 24 67 65 22 17 53 28 87 64 92 43 52 25 93 94 99 34 10 15 40 3 35 29 58 11 96 88
67 42 33 54 8 80 90 6 4 31 18 85 75 48 21 83 69 59 84 51 89 57 79 23 61 100 30 50 63 68 16 49 97 47 44 71 19 76 73 7 45 81 1 9 41 46 86 98 32 82 95 78 55 37 26 62 14 5 77 72 13 66 27 56 0 60 91 38 2 70 39 74 20 36 12 24 65 17 22 53 28 87 92 64 43 52 25 93 94 99 34 10 15 40 3 35 29 58 11 96 88
67 42 33 54 8 80 90 6 4 31 18 85 75 48 21 83 69 59 84 51 89 57 79 23 61 100 30 50 63 68 16 49 97 47 44 71 19 76 73 7 45 81 1 9 41 46 86 98 32 82 95 78 55 37 26 62 14 5 77 72 13 66 27 56 0 60 91 38 2 70 39 74 20 36 12 24 65 17 22 53 28 87 92 64 43 52 25 93 94 99 34 10 15 40 3 35 29 58 11 96 88
22 65 17 64 53 92 36 39 87 28 24 12 20 43 52 74 2 70 38 25 91 93 60 94 0 99 34 56 10 27 66 40 15 77 72 13 5 3 62 14 26 35 37 78 95 55 82 29 32 98 58 86 46 11 9 41 1 81 73 7 45 76 19 96 71 44 47 16 49 97 68 50 88 63 30 100 61 23 57 79 89 51 84 59 69 83 21 48 75 85 18 31 4 6 90 80 54 8 33 42 67
62 86 37 82 73 32 98 9 26 78 95 46 5 77 56 72 66 13 0 55 81 1 27 38 7 2 45 14 19 60 76 91 41 47 39 71 44 16 70 74 20 49 97 36 12 22 50 68 24 65 30 63 100 61 17 23 57 79 53 64 28 87 89 92 51 84 59 69 83 21 43 48 52 85 75 25 18 93 31 94 4 99 34 10 15 40 6 3 90 80 54 8 35 33 29 58 11 42 96 88 67
67 42 33 54 8 80 90 6 4 31 18 85 75 48 21 83 69 59 84 51 89 57 79 61 23 100 30 50 63 68 16 49 97 47 44 71 19 73 76 7 45 81 1 9 41 46 86 98 32 82 95 78 55 37 62 26 14 5 77 72 13 66 27 56 0 60 91 38 2 39 70 74 20 36 12 24 65 22 17 53 28 87 92 64 43 52 25 93 94 99 34 10 15 40 3 35 29 58 11 96 88
62 2 38 73 39 9 56 37 26 5 77 32 66 82 86 0 72 13 98 91 78 95 27 60 46 14 55 22 1 81 70 7 47 20 45 74 19 41 76 16 36 71 12 65 44 24 17 49 64 97 53 28 87 92 50 68 30 63 100 43 61 23 52 79 57 89 25 51 84 93 59 69 83 21 94 48 10 34 99 85 75 40 3 15 18 31 4 35 6 29 58 90 80 11 54 8 33 96 42 88 67
67 42 33 54 8 80 90 6 4 31 18 85 75 48 21 83 69 59 84 51 89 57 79 23 61 100 30 50 63 68 49 16 97 47 44 71 19 76 73 7 45 81 1 9 41 46 86 98 32 82 95 78 55 37 26 62 14 5 77 72 13 66 27 56 0 60 91 38 2 70 39 74 20 36 12 24 65 17 22 53 28 87 92 64 43 52 25 93 94 99 34 10 15 40 3 35 29 58 11 96 88
67 42 33 54 8 80 90 6 4 31 18 85 75 48 21 83 69 59 84 51 89 57 79 61 23 100 30 50 63 68 16 49 97 47 44 71 73 19 76 7 45 81 1 9 41 46 86 98 32 82 78 95 55 37 62 26 14 5 77 72 13 66 27 56 0 60 91 38 2 39 70 74 20 36 12 24 65 22 17 53 28 87 64 92 43 52 25 93 94 99 34 10 15 40 3 35 29 58 11 96 88
16 47 79 57 89 83 50 85 69 59 21 73 84 48 51 18 31 61 30 100 75 4 23 63 68 49 71 6 33 90 97 44 54 80 8 9 19 7 81 45 76 1 42 86 46 32 98 41 82 62 78 95 37 55 26 5 14 77 72 13 66 56 27 0 38 2 60 91 39 70 67 74 20 22 36 12 65 24 17 53 64 28 87 92 43 52 25 93 94 10 34 99 40 3 15 35 29 58 11 96 88
33 54 42 90 6 80 8 31 4 18 85 48 75 21 59 83 69 84 89 51 57 79 61 23 50 30 100 63 68 16 67 49 97 47 71 44 73 19 76 7 45 81 1 9 41 46 86 98 32 82 78 95 55 37 62 26 14 5 77 72 13 66 27 56 0 60 91 38 2 39 70 74 20 36 12 24 65 22 17 53 28 87 64 92 43 52 25 93 94 99 34 10 15 40 3 35 29 58 11 96 88
67 42 33 54 8 90 80 6 4 31 18 85 75 48 21 59 83 69 84 51 89 57 79 61 23 100 30 50 63 68 49 16 97 47 44 71 19 76 73 7 45 81 1 9 41 46 86 98 32 82 78 95 55 37 26 62 14 5 77 72 13 66 27 56 0 60 91 38 2 70 39 74 20 36 12 24 65 17 22 53 28 87 92 64 43 52 25 93 94 99 34 10 15 40 3 35 29 58 11 96 88
88 96 11 58 29 3 40 35 10 15 34 94 99 93 25 22 52 43 64 92 28 87 53 17 65 24 36 39 12 20 74 2 70 38 91 60 0 56 66 27 77 13 72 5 62 14 26 37 78 95 55 82 32 98 86 9 46 73 41 1 81 7 45 76 19 47 71 44 16 49 97 68 50 63 30 100 61 23 79 57 89 51 84 59 69 83 21 48 75 85 18 31 4 6 90 80 54 8 33 42 67
67 42 33 54 8 80 90 6 4 31 18 85 75 48 21 59 83 69 84 51 89 57 79 61 23 100 30 50 63 68 49 97 16 47 44 71 19 76 73 7 45 81 1 9 41 46 86 98 32 82 95 78 55 37 26 62 14 5 77 72 13 66 27 56 0 60 91 38 2 70 39 74 20 36 12 24 65 17 22 53 28 87 92 64 43 52 25 93 94 99 34 10 15 40 3 35 29 58 11 96 88
67 42 33 54 8 80 90 6 4 31 18 85 75 48 21 83 69 59 84 51 89 57 79 23 61 100 30 50 63 68 16 49 97 47 44 71 19 73 76 7 45 81 1 9 41 46 86 98 32 82 95 78 55 37 26 62 14 5 77 72 13 66 27 56 0 60 91 38 2 70 39 74 20 36 12 24 65 22 17 53 28 87 92 64 43 52 25 93 94 99 34 10 15 40 3 35 29 58 11 96 88
54 33 90 42 6 80 31 8 4 18 85 48 75 21 59 69 83 84 89 51 57 79 61 23 30 100 50 63 68 16 49 97 67 47 44 71 19 73 76 7 45 81 1 9 41 46 86 98 32 82 78 95 55 37 62 26 14 5 77 72 13 66 27 56 0 60 91 38 2 70 39 74 20 36 12 24 65 22 17 53 28 87 92 64 43 52 25 93 94 99 34 10 15 40 3 35 29 58 11 96 88
22 64 17 92 53 87 28 65 52 43 24 36 12 25 93 20 39 74 94 70 99 34 10 2 38 15 40 91 3 60 0 35 56 27 66 77 13 72 5 29 58 14 62 26 37 11 78 95 55 82 98 32 86 46 41 9 96 1 81 7 45 73 76 19 71 44 47 88 16 49 97 68 50 63 30 100 61 23 57 79 89 51 84 59 69 83 21 48 75 85 18 31 4 6 90 80 54 8 33 42 67
67 42 33 54 8 80 90 6 4 31 18 85 75 48 21 83 69 59 84 51 89 57 79 61 23 100 30 50 63 68 16 49 97 47 44 71 19 73 76 7 45 81 1 9 41 46 86 98 32 82 95 78 55 37 62 26 14 5 77 72 13 66 27 56 0 60 91 38 2 39 70 74 20 36 12 24 65 22 17 53 28 87 92 64 43 52 25 93 94 99 34 10 15 40 3 35 29 58 11 96 88
67 42 33 54 8 80 90 6 4 31 18 85 75 48 21 83 69 59 84 51 89 57 79 61 23 100 30 50 63 68 16 49 97 47 44 71 73 19 76 7 45 81 1 9 41 46 86 98 32 82 95 78 55 37 62 26 14 5 77 72 13 66 27 56 0 60 91 38 2 39 70 74 20 36 12 24 65 22 17 53 28 87 64 92 43 52 25 93 94 99 34 10 15 40 3 35 29 58 11 96 88
67 42 33 54 8 80 90 6 4 31 18 85 75 48 21 83 69 59 84 51 89 57 79 23 61 100 30 50 63 68 16 49 97 47 44 71 19 73 76 7 45 81 1 9 41 46 86 98 32 82 95 78 55 37 26 62 14 5 77 72 13 66 27 56 0 60 91 38 2 70 39 74 20 36 12 24 65 22 17 53 28 87 92 64 43 52 25 93 94 99 34 10 15 40 3 35 29 58 11 96 88
54 42 90 6 33 80 8 31 4 18 85 48 75 21 59 69 83 84 89 51 57 61 23 30 100 79 50 63 68 67 49 97 16 44 71 47 19 76 7 45 81 73 1 9 41 46 86 98 32 82 78 95 55 37 26 62 14 5 77 72 13 66 27 56 0 60 91 38 2 70 39 74 20 12 36 24 65 17 53 22 28 87 92 64 43 52 25 93 94 99 34 10 15 40 3 35 29 58 11 96 88
88 96 11 58 29 35 3 40 15 10 34 99 94 93 25 52 43 64 92 22 87 28 53 17 65 24 36 12 20 39 74 70 2 38 91 60 0 56 27 66 13 72 77 5 14 62 26 37 78 95 55 82 32 98 86 46 41 9 1 81 73 45 7 76 19 71 47 44 16 97 49 68 50 63 30 100 61 23 79 57 89 51 84 59 69 83 21 48 75 85 18 31 4 6 90 80 54 8 33 42 67
67 42 33 54 8 80 90 6 4 31 18 85 75 48 21 83 69 59 84 51 89 57 79 23 61 100 30 50 63 68 16 49 97 47 44 71 19 73 76 7 45 81 1 9 41 46 86 98 32 82 95 78 55 37 62 26 14 5 77 72 13 66 27 56 0 60 91 38 2 39 70 74 20 36 12 24 65 22 17 53 28 87 64 92 43 52 25 93 94 99 34 10 15 40 3 35 29 58 11 96 88
42 33 54 90 8 80 6 4 31 18 85 48 75 21 83 59 69 67 84 89 51 57 79 61 23 100 50 30 63 68 16 49 97 47 71 44 73 19 76 7 45 81 1 9 41 46 86 98 32 82 78 95 55 37 62 26 14 5 77 72 13 66 56 27 0 60 91 38 2 39 70 74 20 36 12 24 65 22 17 53 28 87 64 92 43 52 25 93 94 99 34 10 15 40 3 35 29 58 11 96 88
62 73 9 37 32 86 2 82 38 98 26 78 56 5 95 77 46 66 72 13 39 0 27 47 1 81 91 7 55 60 45 14 19 16 76 41 71 70 44 20 74 22 36 49 12 97 65 24 50 68 17 30 63 100 64 61 53 23 28 87 92 79 57 89 51 43 84 59 52 69 83 21 48 85 75 25 93 18 94 10 99 34 31 40 4 15 3 6 90 80 35 54 8 29 33 58 11 42 96 88 67
40 10 3 34 94 15 93 99 22 25 35 58 52 29 43 11 64 92 87 53 17 28 65 24 36 96 12 39 20 74 70 2 38 91 88 60 0 56 27 66 77 13 72 5 62 14 26 37 78 95 55 82 32 98 86 46 9 41 1 81 73 7 45 76 19 71 47 44 16 49 97 68 50 63 30 100 61 23 79 57 89 51 84 59 69 83 21 48 75 85 18 31 4 6 90 80 54 8 33 42 67
88 96 58 11 29 3 40 35 10 15 34 94 22 99 93 25 52 43 64 92 17 28 53 87 65 39 24 36 12 20 2 38 74 70 91 60 56 0 66 27 77 13 72 5 62 14 26 37 78 95 82 55 32 98 86 9 46 73 41 1 81 7 45 19 76 47 16 71 44 49 97 68 50 63 30 100 61 23 79 57 89 51 84 59 83 69 21 48 75 85 18 31 4 6 90 80 54 8 33 42 67
67 42 33 54 8 90 80 6 4 31 18 85 48 75 21 59 69 83 84 51 89 57 79 61 23 100 30 50 63 68 49 97 16 44 71 47 19 76 7 45 73 81 1 9 41 46 86 98 32 82 78 95 55 37 26 62 14 5 77 72 13 66 27 56 0 60 91 38 2 70 39 74 20 12 36 24 65 17 22 53 28 87 92 64 43 52 25 93 94 99 34 10 15 40 3 35 29 58 11 96 88
67 42 33 54 8 80 90 6 4 31 18 85 75 48 21 83 69 59 84 51 89 57 79 23 61 100 30 50 63 68 49 16 97 47 44 71 19 76 73 7 45 81 1 9 41 46 86 98 32 82 95 78 55 37 26 62 14 5 77 72 13 66 27 56 0 60 91 38 2 70 39 74 20 36 12 24 65 17 22 53 28 87 92 64 43 52 25 93 94 99 34 10 15 40 3 35 29 58 11 96 88
86 98 82 37 78 46 95 32 26 55 62 81 1 5 41 77 7 76 72 14 45 13 19 27 66 9 56 0 71 60 73 44 91 38 47 49 97 2 70 16 74 39 68 50 20 30 63 100 12 36 61 23 24 57 89 65 79 51 17 84 59 53 22 87 28 69 92 21 83 64 48 85 75 43 18 52 31 4 25 93 6 90 94 99 80 34 54 10 15 8 40 3 33 35 42 29 58 11 96 88 67
67 42 33 8 54 80 90 6 4 31 18 85 75 48 21 83 69 59 84 51 89 57 79 23 61 100 30 50 63 68 16 49 97 47 44 71 19 73 76 7 45 81 1 9 41 46 86 98 32 82 95 78 55 37 26 62 14 5 77 72 13 66 27 56 0 60 91 38 2 70 39 74 20 36 12 24 65 22 17 53 28 87 92 64 43 52 25 93 94 99 34 10 15 40 3 35 29 58 11 96 88
18 85 31 90 4 48 59 6 89 21 54 75 84 69 51 80 83 57 61 30 50 23 100 79 63 8 33 68 49 97 42 16 71 44 47 19 76 7 45 81 73 1 9 41 46 86 98 32 82 78 95 55 37 26 62 14 5 77 72 13 67 66 27 56 0 60 91 38 2 70 39 74 20 12 36 24 65 17 22 53 28 87 92 64 43 52 25 93 94 99 34 10 15 40 3 35 29 58 11 96 88
42 54 33 90 80 6 8 4 31 18 85 67 48 75 21 59 69 83 84 51 89 57 79 61 23 30 100 50 63 68 49 97 16 44 71 47 19 76 7 45 73 81 1 9 41 46 86 98 32 82 78 95 55 37 26 62 14 5 77 72 13 66 27 56 0 60 91 38 2 70 39 74 20 12 36 24 65 17 22 53 28 87 92 64 43 52 25 93 94 99 34 10 15 40 3 35 29 58 11 96 88
67 42 33 54 8 80 90 6 4 31 18 85 75 48 21 83 69 59 84 51 89 57 79 61 23 100 30 50 63 68 16 49 97 47 44 71 73 19 76 7 45 81 1 9 41 46 86 98 32 82 95 78 55 37 62 26 14 5 77 72 13 66 27 56 0 60 91 38 2 39 70 74 20 36 12 24 65 22 17 53 28 87 64 92 43 52 25 93 94 99 34 10 15 40 3 35 29 58 11 96 88
