40 41 87 22 80 77 27 28 85 39 51 5 25 99 13 73 96 14 0 55 97 44 16 90 70 19 84 48 66 75 93 91 68 52 26 23 34 83 61 67 100 78 94 24 76 53 10 32 18 56 17 71 64 62 3 57 54 42 60 31 20 58 33 1 35 92 43 86 12 79 63 49 95 9 88 29 50 65 37 21 7 59 36 89 15 6 11 45 98 38 82 2 30 69 81 8 47 74 4 72 46
89 15 21 7 59 6 36 50 65 37 29 11 88 9 95 49 63 43 92 79 12 86 45 35 1 33 58 20 98 38 31 82 60 42 54 3 57 64 71 62 17 30 2 56 18 32 10 94 76 24 53 78 69 81 100 67 61 83 34 23 8 26 52 68 91 93 75 66 48 47 70 16 90 84 19 74 72 4 46 44 97 14 55 0 96 13 73 99 25 39 77 27 28 85 80 87 40 5 51 22 41
41 22 51 5 40 87 80 28 85 77 27 39 25 99 13 73 96 14 0 55 97 44 16 90 70 19 84 48 66 75 93 91 68 52 26 23 34 83 61 67 100 78 94 53 76 24 10 32 18 56 17 57 3 64 71 62 42 54 60 31 20 58 33 1 35 92 43 86 12 79 63 49 95 9 88 29 50 65 37 21 7 59 36 89 15 6 11 45 38 98 82 30 2 69 81 8 47 74 4 72 46
68 52 16 90 70 26 91 23 66 75 48 93 84 19 83 34 67 61 100 78 97 44 94 14 96 55 0 10 53 24 76 32 13 73 18 56 25 99 39 27 85 77 28 80 87 17 64 71 3 57 62 40 42 54 60 31 20 58 51 5 41 1 22 33 35 43 92 86 79 12 63 95 49 9 88 29 50 65 37 21 7 59 36 15 89 6 11 45 98 38 82 30 2 69 81 8 47 74 4 72 46
41 22 51 5 40 87 80 28 85 77 27 39 25 99 13 73 96 14 0 55 97 44 16 90 70 19 84 48 66 75 93 91 68 52 26 23 34 83 61 67 100 78 94 24 76 53 10 32 18 56 17 71 64 62 3 57 54 42 60 31 20 58 33 1 35 92 43 86 12 79 63 95 49 9 88 29 50 65 37 21 7 59 36 89 15 6 11 45 38 98 82 30 2 69 81 8 47 74 4 72 46
83 26 61 67 100 23 34 94 78 10 52 68 32 56 18 16 90 70 75 66 91 93 48 76 24 53 19 84 17 64 57 3 62 71 97 44 14 96 55 0 54 42 13 31 73 60 99 25 39 80 85 27 28 77 87 40 58 20 1 33 35 43 92 86 79 12 63 95 49 9 88 51 5 22 41 65 50 29 37 21 7 59 36 89 15 6 11 45 98 38 82 30 2 81 69 8 47 74 4 72 46
41 40 22 87 5 51 80 85 77 27 28 39 99 25 13 73 96 14 55 0 97 44 90 16 70 19 84 48 75 66 93 91 68 52 26 23 34 83 67 61 100 78 94 24 76 53 10 32 18 56 17 71 62 64 3 57 54 42 60 31 20 58 33 1 35 92 43 86 12 79 63 95 49 9 88 29 50 65 37 21 7 59 36 89 15 6 11 45 38 98 82 30 2 69 81 8 47 74 4 72 46
31 54 42 3 62 57 71 64 60 17 56 58 20 1 18 33 32 10 35 94 78 53 76 24 43 92 100 61 67 83 86 79 12 34 63 95 49 23 9 26 88 50 65 29 37 52 68 21 91 7 59 93 66 75 48 70 16 90 19 84 36 89 15 44 97 6 14 0 55 96 13 73 25 99 39 28 77 85 27 11 80 87 40 45 98 38 5 51 22 41 82 2 30 69 81 8 47 74 4 72 46
89 15 7 59 21 36 6 37 50 65 29 88 9 11 95 49 63 79 12 43 92 86 35 1 33 58 20 45 98 38 31 60 54 42 82 3 64 57 71 62 17 56 30 2 18 32 10 76 24 53 94 78 69 81 100 67 61 83 34 23 26 8 52 68 91 93 47 75 66 48 84 19 74 70 90 16 72 4 46 44 97 55 0 14 96 73 13 99 25 39 27 28 85 77 80 87 40 5 51 22 41
16 90 70 68 91 48 66 75 52 93 84 19 97 44 26 23 14 96 0 55 83 34 13 67 61 100 73 25 99 78 94 39 85 27 77 28 24 76 53 80 10 87 32 18 40 56 17 71 57 64 62 3 54 42 60 31 5 51 41 22 20 58 33 1 35 92 43 86 12 79 63 49 95 9 88 29 50 65 37 21 59 7 36 89 15 6 11 45 98 38 82 30 2 69 81 8 47 74 4 72 46
41 22 51 5 40 87 80 28 85 77 27 39 25 99 13 73 96 14 0 55 97 44 16 90 70 19 84 48 66 75 93 91 68 52 26 23 34 83 61 67 100 78 94 53 76 24 10 32 18 56 17 57 3 64 71 62 54 42 60 31 20 58 33 1 35 92 43 86 12 79 63 49 95 9 88 29 50 65 37 21 7 59 36 89 15 6 11 45 38 98 82 30 2 69 81 8 47 74 4 72 46
41 22 51 5 40 87 80 85 77 27 28 39 99 25 13 73 96 14 55 0 97 44 90 16 70 19 84 48 75 66 93 91 68 52 26 23 34 83 67 61 100 78 94 24 76 53 10 32 18 56 17 71 64 62 3 57 42 54 60 31 20 58 33 1 35 92 43 86 12 79 63 49 95 9 88 29 50 65 37 21 7 59 36 89 15 6 11 45 98 38 82 30 2 69 81 8 47 74 4 72 46
16 90 70 48 91 75 66 84 19 93 68 97 44 52 14 96 55 0 13 26 73 23 99 25 39 27 85 77 28 83 34 61 67 80 100 87 78 40 94 53 24 76 10 32 18 56 17 64 3 57 62 71 54 42 41 51 5 22 60 31 20 58 33 1 35 92 43 86 12 79 63 95 49 9 88 29 65 50 37 21 7 59 36 89 15 6 11 45 98 38 82 30 2 81 69 8 47 74 72 4 46
13 99 25 96 39 14 97 44 73 16 90 80 70 87 27 77 85 28 55 0 19 84 48 66 75 40 93 68 91 52 26 23 83 34 67 61 100 5 51 41 22 78 94 10 24 53 76 32 18 56 17 57 64 62 3 71 54 42 60 31 20 58 1 33 35 92 43 86 12 79 63 95 49 9 88 29 65 50 37 21 59 7 36 15 89 6 11 45 38 98 82 30 2 69 81 8 47 74 4 72 46
41 22 51 5 40 87 80 28 85 77 27 39 25 99 13 73 96 14 0 55 97 44 16 90 70 19 84 48 66 75 93 91 68 52 26 23 34 83 61 67 100 78 94 24 76 53 10 32 18 56 17 71 64 62 3 57 54 42 60 31 20 58 33 1 35 92 43 86 12 79 63 95 49 9 88 29 50 65 37 21 7 59 36 89 15 6 11 45 98 38 82 30 2 69 81 8 47 74 46 4 72
40 87 77 85 28 27 80 39 99 25 13 73 41 96 14 22 0 55 97 5 51 44 16 90 70 84 19 48 66 75 93 91 68 52 26 23 34 83 61 67 100 78 94 24 76 53 10 32 18 56 17 71 64 62 3 57 54 42 60 31 20 58 33 1 35 92 43 86 12 79 63 95 49 9 88 29 50 65 37 21 7 59 36 89 15 6 11 45 38 98 82 30 2 69 81 8 47 74 4 72 46
41 51 5 22 40 87 80 39 85 28 27 77 25 99 13 73 96 14 55 0 97 44 90 16 70 19 84 48 75 66 93 68 91 52 26 23 34 83 67 61 100 78 94 24 76 53 10 32 18 56 17 71 64 62 3 57 42 54 60 31 20 58 33 1 35 43 92 86 12 79 63 49 95 9 88 29 50 65 37 21 7 59 36 89 15 6 11 45 38 98 82 30 2 69 81 8 47 74 4 72 46
41 22 51 5 40 87 80 85 77 27 28 39 99 25 13 73 96 14 55 0 97 44 90 16 70 19 84 48 75 66 93 91 68 52 26 23 34 83 67 61 100 78 94 53 76 24 10 32 18 56 17 57 3 64 71 62 42 54 60 31 20 58 33 1 35 92 43 86 12 79 63 95 49 9 88 29 50 65 37 21 7 59 36 89 15 6 11 45 38 98 82 30 2 69 81 8 47 74 4 72 46
16 90 70 97 48 44 75 66 84 19 14 91 93 96 68 55 0 52 13 73 99 25 39 85 77 28 27 26 80 23 87 40 34 83 67 61 100 78 94 53 24 76 10 32 18 56 17 57 64 3 71 62 41 22 5 51 54 42 60 31 20 58 33 1 35 92 43 86 12 79 63 95 49 9 88 29 65 50 37 21 59 7 36 89 15 6 11 45 98 38 82 30 2 69 81 8 47 74 4 72 46
87 39 25 99 40 80 28 27 77 85 13 73 96 14 97 44 0 55 41 5 51 90 16 70 22 84 19 48 75 66 93 68 91 52 26 23 83 34 61 67 100 78 94 24 76 53 10 32 18 56 17 71 64 62 3 57 54 42 60 31 20 58 33 1 35 92 43 86 12 79 63 95 49 9 88 29 50 65 37 21 7 59 36 89 15 6 11 45 98 38 82 30 2 69 81 8 47 74 4 72 46
41 22 51 5 40 87 80 85 77 27 28 39 99 25 13 73 96 14 55 0 97 44 90 16 70 19 84 48 75 66 93 91 68 52 26 23 34 83 67 61 100 78 94 24 76 53 10 32 18 56 17 71 64 62 3 57 42 54 60 31 20 58 33 1 35 92 43 86 12 79 63 95 49 9 88 29 50 65 37 21 7 59 36 89 15 6 11 45 38 98 82 30 2 69 81 8 47 74 4 72 46
40 87 80 77 27 28 85 39 25 99 41 13 73 22 5 51 96 14 55 0 97 44 90 16 70 19 84 48 75 66 93 91 68 52 26 23 34 83 67 61 100 78 94 53 76 24 10 32 18 56 17 57 3 64 71 62 54 42 60 31 20 58 33 1 35 92 43 86 12 79 63 95 49 9 88 29 50 65 37 21 7 59 36 89 15 6 11 45 98 38 82 30 2 69 81 8 47 74 4 72 46
41 22 51 5 40 87 80 39 85 28 27 77 25 99 13 73 96 14 55 0 97 44 90 16 70 19 84 48 75 66 93 91 68 52 26 23 34 83 67 61 100 78 94 53 76 24 10 32 18 56 17 57 3 64 71 62 54 42 60 31 20 58 33 1 35 92 43 86 12 79 63 95 49 9 88 29 50 65 37 21 7 59 36 89 15 6 11 45 38 98 82 30 2 69 81 8 47 74 4 72 46
41 22 51 5 40 87 80 85 77 27 28 39 99 25 13 73 96 14 55 0 97 44 90 16 70 19 84 48 75 66 93 91 68 52 26 23 34 83 67 61 100 78 94 24 76 53 10 32 18 56 17 71 62 64 3 57 54 42 60 31 20 58 33 1 35 92 43 86 12 79 63 95 49 9 88 29 50 65 37 21 59 7 36 15 89 6 11 45 38 98 82 30 2 69 81 8 47 74 46 4 72
41 51 5 22 40 87 80 39 85 28 27 77 25 99 13 73 96 14 55 0 97 44 90 16 70 19 84 75 66 48 93 68 91 52 26 23 34 83 67 61 100 78 94 24 76 53 10 32 18 56 17 71 62 64 3 57 54 42 60 31 20 58 1 33 35 43 92 86 12 79 63 49 95 9 88 29 50 65 37 21 7 59 36 89 15 6 11 45 38 98 82 30 2 69 81 8 47 74 4 72 46
41 22 51 5 40 87 80 85 77 27 28 39 99 25 13 73 96 14 55 0 97 44 90 16 70 19 84 48 75 66 93 91 68 52 26 23 34 83 67 61 100 78 94 24 76 53 10 32 18 56 17 71 64 62 3 57 42 54 60 31 20 58 33 1 35 92 43 86 12 79 63 95 49 9 88 29 50 65 37 21 7 59 36 89 15 6 11 45 38 98 82 30 2 69 81 8 47 74 4 72 46
41 22 51 5 40 87 80 85 77 27 28 39 99 25 13 73 96 14 55 0 97 44 90 16 70 19 84 48 75 66 93 91 68 52 26 23 34 83 67 61 100 78 94 24 76 53 10 32 18 56 17 71 64 62 3 57 42 54 60 31 20 58 33 1 35 92 43 86 12 79 63 95 49 9 88 29 50 65 37 21 7 59 36 15 89 6 11 45 38 98 82 30 2 69 81 8 47 74 4 72 46
41 22 51 5 40 87 80 85 77 27 28 39 99 25 13 73 96 14 55 0 97 44 90 16 70 19 84 48 75 66 93 91 68 52 26 23 34 83 67 61 100 78 94 24 76 53 10 32 18 56 17 71 64 62 3 57 54 42 60 31 20 58 33 1 35 92 43 86 12 79 63 49 95 9 88 29 50 65 37 21 59 7 36 89 15 6 11 45 98 38 82 30 2 69 81 8 47 74 4 72 46
41 22 51 5 40 87 80 28 85 77 27 39 25 99 13 73 96 14 0 55 97 44 16 90 70 19 84 48 66 75 93 91 68 52 26 23 34 83 61 67 100 78 94 24 76 53 10 32 18 56 17 71 64 62 3 57 54 42 60 31 20 58 33 1 35 92 43 86 12 79 63 95 49 9 88 29 50 65 37 21 7 59 36 15 89 6 11 45 38 98 82 30 2 69 81 8 47 74 4 72 46
25 99 77 28 27 85 39 87 40 80 13 73 96 14 97 44 55 0 16 90 70 84 19 48 66 75 93 91 68 52 41 22 5 51 26 23 34 83 67 61 100 78 94 24 76 53 10 32 18 56 17 71 64 62 3 57 54 42 60 31 20 58 33 1 35 92 43 86 12 79 63 95 49 9 88 29 50 65 37 21 7 59 36 15 89 6 11 45 38 98 82 2 30 69 81 8 47 74 4 72 46
41 22 51 5 40 87 80 85 77 27 28 39 99 25 13 73 96 14 55 0 97 44 90 16 70 19 84 48 75 66 93 91 68 52 26 23 34 83 67 61 100 78 94 24 76 53 10 32 18 56 17 71 64 62 3 57 54 42 60 31 20 58 33 1 35 92 43 86 12 79 63 49 95 9 88 29 50 65 37 21 7 59 36 89 15 6 11 45 98 38 82 30 2 69 81 8 47 74 4 72 46
41 22 51 5 40 87 80 28 85 77 27 39 25 99 13 73 96 14 0 55 97 44 16 90 70 19 84 48 66 75 93 91 68 52 26 23 34 83 61 67 100 78 94 53 76 24 10 32 18 56 17 57 3 64 71 62 54 42 60 31 20 58 33 1 35 92 43 86 12 79 63 49 95 9 88 29 50 65 37 21 7 59 36 15 89 6 11 45 38 98 82 30 2 69 81 8 47 74 4 72 46
87 99 25 39 40 80 28 27 85 77 13 73 96 14 97 44 0 55 16 90 70 19 84 48 75 66 41 93 51 5 22 91 68 52 26 23 34 83 61 67 100 78 94 24 76 53 10 32 18 56 17 71 64 62 3 57 54 42 60 31 20 58 33 1 35 92 43 86 12 79 63 95 49 9 88 29 50 65 37 21 7 59 36 89 15 6 11 45 98 38 82 30 2 69 81 8 47 74 4 72 46
16 90 70 96 97 13 44 14 66 75 48 19 84 93 25 99 55 0 73 39 68 52 91 80 28 27 77 85 87 40 26 23 83 34 67 61 100 78 94 10 53 24 76 32 18 56 51 5 41 22 17 57 71 64 62 3 42 54 60 31 58 20 1 33 35 43 92 86 79 12 63 95 49 9 88 29 65 50 37 21 7 59 36 89 15 6 11 45 98 38 82 2 30 69 81 8 47 74 4 72 46
40 87 77 85 27 28 80 39 25 99 13 41 73 22 5 51 96 14 55 0 97 44 90 16 70 19 84 48 75 66 93 91 68 52 26 23 34 83 67 61 100 78 94 24 76 53 10 32 18 56 17 71 62 64 3 57 54 42 60 31 20 58 33 1 35 92 43 86 12 79 63 95 49 9 88 29 50 65 37 21 59 7 36 89 15 6 11 45 38 98 82 2 30 69 81 8 47 74 4 72 46
40 41 87 22 80 5 51 85 77 27 28 39 99 25 13 73 96 14 55 0 97 44 90 16 70 19 84 48 75 66 93 91 68 52 26 23 34 83 67 61 100 78 94 24 76 53 10 32 18 56 17 71 62 64 3 57 42 54 60 31 20 58 33 1 35 92 43 86 12 79 63 95 49 9 88 29 50 65 37 21 7 59 36 15 89 6 11 45 98 38 82 30 2 69 81 8 47 74 4 72 46
41 22 51 5 40 87 80 85 77 27 28 39 99 25 13 73 96 14 55 0 97 44 90 16 70 19 84 48 75 66 93 91 68 52 26 23 34 83 67 61 100 78 94 53 76 24 10 32 18 56 17 57 3 64 71 62 54 42 60 31 20 58 33 1 35 92 43 86 12 79 63 95 49 9 88 29 50 65 37 21 7 59 36 15 89 6 11 45 38 98 82 30 2 69 81 8 47 74 4 72 46
87 39 40 80 25 99 27 85 77 28 13 73 96 14 41 5 51 97 44 55 0 22 16 90 70 19 84 75 66 48 93 68 91 52 26 23 83 34 67 61 100 78 94 53 76 24 10 32 18 56 17 57 3 64 71 62 54 42 60 31 20 58 1 33 35 43 92 86 12 79 63 95 49 9 88 29 50 65 37 21 7 59 36 89 15 6 11 45 98 38 82 2 30 69 81 8 47 74 4 72 46
99 25 39 87 27 77 85 28 40 80 13 73 96 14 97 44 55 0 16 90 70 19 84 48 66 75 93 41 91 68 22 5 51 52 26 23 34 83 67 61 100 78 94 24 76 53 10 32 18 56 17 71 64 62 3 57 54 42 60 31 20 58 33 1 35 92 43 86 12 79 63 95 49 9 88 29 50 65 37 21 7 59 36 89 15 6 11 45 38 98 82 30 2 69 81 8 47 74 4 72 46
40 87 85 77 28 27 99 25 39 80 13 73 96 14 55 0 97 44 41 16 90 22 70 5 51 84 19 48 75 66 93 91 68 52 26 23 34 83 67 61 100 78 94 24 76 53 10 32 18 56 17 71 62 64 3 57 54 42 60 31 20 58 33 1 35 92 43 86 12 79 63 95 49 9 88 29 50 65 37 21 7 59 36 89 15 6 11 45 98 38 82 30 2 69 81 8 47 74 4 72 46
41 22 51 5 40 87 80 28 85 77 27 39 25 99 13 73 96 14 0 55 97 44 16 90 70 19 84 48 66 75 93 91 68 52 26 23 34 83 61 67 100 78 94 24 76 53 10 32 18 56 17 71 64 62 3 57 54 42 60 31 20 58 33 1 35 92 43 86 12 79 63 95 49 9 88 29 50 65 37 21 7 59 36 89 15 6 11 45 38 98 82 30 2 69 81 8 47 74 4 72 46
69 81 8 2 30 47 74 82 4 72 46 98 38 45 11 6 89 15 36 59 7 21 37 65 50 29 88 9 95 49 63 79 12 86 43 92 35 1 33 58 20 31 60 54 42 71 62 3 57 64 17 56 18 32 10 53 24 76 94 78 100 61 67 83 34 23 26 52 68 91 93 75 66 48 84 19 70 90 16 44 97 55 0 14 96 73 13 25 99 39 77 28 85 27 80 87 40 51 5 22 41
41 51 5 22 40 87 80 39 28 85 27 77 25 99 13 73 96 14 0 55 97 44 16 90 70 19 84 48 66 75 93 68 91 52 26 23 34 83 67 61 100 78 94 53 76 24 10 32 18 56 17 57 3 64 71 62 54 42 60 31 20 58 33 1 35 92 43 86 12 79 63 49 95 9 88 29 50 65 37 21 7 59 36 15 89 6 11 45 38 98 82 2 30 69 81 8 47 74 4 72 46
89 15 11 6 7 59 36 21 45 37 50 65 98 38 29 88 9 95 49 63 82 43 79 92 12 86 35 1 33 58 2 30 20 31 69 81 60 54 42 8 64 71 62 3 57 17 56 18 32 10 47 74 94 53 24 76 78 72 4 46 100 61 67 83 34 23 26 52 68 91 93 75 66 48 70 84 19 16 90 44 97 55 0 14 96 73 13 99 25 39 27 77 28 85 80 87 40 51 5 22 41
16 90 70 68 52 75 66 48 93 91 26 84 19 23 83 34 97 44 67 61 100 14 96 78 55 0 94 13 73 10 25 99 32 24 76 53 39 18 56 27 85 77 28 80 87 40 17 64 3 57 62 71 42 54 60 31 51 5 41 22 58 20 1 33 35 43 92 86 79 12 63 49 95 9 88 29 50 65 37 21 7 59 36 89 15 6 11 45 98 38 82 2 30 69 81 8 47 74 4 72 46
41 51 5 22 40 87 80 39 85 28 27 77 25 99 13 73 96 14 55 0 97 44 90 16 70 19 84 75 66 48 93 68 91 52 26 23 34 83 67 61 100 78 94 24 76 53 10 32 18 56 17 71 64 62 3 57 54 42 60 31 20 58 1 33 35 43 92 86 12 79 63 95 49 9 88 29 50 65 37 21 7 59 36 89 15 6 11 45 98 38 82 30 2 69 81 8 47 74 4 72 46
39 99 25 13 87 80 96 77 28 85 27 73 14 40 97 44 55 0 16 90 70 19 84 66 75 48 93 68 91 52 5 51 41 22 26 23 83 34 67 61 100 78 94 10 24 76 53 32 18 56 17 71 64 62 57 3 54 42 60 31 58 20 1 33 35 43 92 86 79 12 63 95 49 9 88 29 50 65 37 21 7 59 36 89 15 6 11 45 38 98 82 30 2 69 81 8 47 74 4 72 46
40 87 80 77 85 27 28 41 39 25 99 22 51 5 13 73 96 14 55 0 97 44 90 16 70 19 84 48 75 66 93 91 68 52 26 23 34 83 67 61 100 78 94 53 76 24 10 32 18 56 17 57 3 64 71 62 54 42 60 31 20 58 33 1 35 92 43 86 12 79 63 95 49 9 88 29 50 65 37 21 7 59 36 15 89 6 11 45 98 38 82 2 30 69 81 8 47 74 4 72 46
41 51 5 22 40 87 80 39 85 28 27 77 25 99 13 73 96 14 55 0 97 44 90 16 70 19 84 48 75 66 93 68 91 52 26 23 34 83 67 61 100 78 94 53 76 24 10 32 18 56 17 57 3 64 71 62 54 42 60 31 20 58 1 33 35 43 92 86 12 79 63 95 49 9 88 29 50 65 37 21 7 59 36 15 89 6 11 45 38 98 82 30 2 69 81 8 47 74 46 4 72
41 22 51 5 40 87 80 85 77 27 28 39 99 25 13 73 96 14 55 0 97 44 90 16 70 19 84 48 75 66 93 91 68 52 26 23 34 83 67 61 100 78 94 53 76 24 10 32 18 56 17 57 3 64 71 62 54 42 60 31 20 58 33 1 35 92 43 86 12 79 63 95 49 9 88 29 50 65 37 21 59 7 36 15 89 6 11 45 38 98 82 30 2 69 81 8 47 74 4 72 46
41 22 51 5 40 87 80 85 77 27 28 39 99 25 13 73 96 14 55 0 97 44 90 16 70 19 84 48 75 66 93 91 68 52 26 23 34 83 67 61 100 78 94 24 76 53 10 32 18 56 17 71 64 62 3 57 42 54 60 31 20 58 33 1 35 92 43 86 12 79 63 95 49 9 88 29 50 65 37 21 7 59 36 15 89 6 11 45 38 98 82 30 2 69 81 8 47 74 4 72 46
41 22 51 5 40 87 80 28 85 77 27 39 25 99 13 73 96 14 0 55 97 44 16 90 70 19 84 48 66 75 93 91 68 52 26 23 34 83 61 67 100 78 94 24 76 53 10 32 18 56 17 71 64 62 3 57 54 42 60 31 20 58 33 1 35 92 43 86 12 79 63 49 95 9 88 29 50 65 37 21 59 7 36 89 15 6 11 45 38 98 82 30 2 69 81 8 47 74 46 4 72
50 65 21 7 59 37 29 89 15 9 88 36 43 63 49 95 92 79 12 86 6 35 1 33 58 20 31 11 60 54 42 71 62 64 57 3 17 45 56 18 98 38 32 10 94 76 53 24 78 100 61 67 83 34 82 23 26 2 30 52 68 91 93 66 75 48 70 16 90 19 84 69 81 44 97 55 0 14 96 8 73 13 99 25 39 85 28 27 77 80 87 40 47 74 72 4 46 5 51 22 41
41 22 51 5 40 87 80 85 77 27 28 39 99 25 13 73 96 14 55 0 97 44 90 16 70 19 84 48 75 66 93 91 68 52 26 23 34 83 67 61 100 78 94 24 76 53 10 32 18 56 17 71 62 64 3 57 54 42 60 31 20 58 33 1 35 92 43 86 12 79 63 95 49 9 88 29 50 65 37 21 7 59 36 89 15 6 11 45 38 98 82 2 30 69 81 8 47 74 4 72 46
41 22 51 5 40 87 80 85 77 27 28 39 99 25 13 73 96 14 55 0 97 44 90 16 70 19 84 48 75 66 93 91 68 52 26 23 34 83 67 61 100 78 94 53 76 24 10 32 18 56 17 57 3 64 71 62 54 42 60 31 20 58 33 1 35 92 43 86 12 79 63 95 49 9 88 29 50 65 37 21 7 59 36 89 15 6 11 45 38 98 82 30 2 69 81 8 47 74 4 72 46
18 53 76 24 32 17 3 64 57 71 62 56 10 94 78 54 42 100 67 61 83 60 34 23 26 31 52 20 91 68 58 33 1 93 35 48 66 75 70 90 16 19 84 92 43 86 12 79 44 97 63 49 95 55 0 14 96 9 88 73 13 99 25 29 39 27 28 85 77 50 65 80 37 87 40 21 7 59 36 15 89 6 51 5 22 41 11 45 98 38 82 30 2 69 81 8 47 74 4 72 46
41 22 51 5 40 87 80 39 85 28 27 77 25 99 13 73 96 14 55 0 97 44 90 16 70 19 84 48 75 66 93 91 68 52 26 23 34 83 67 61 100 78 94 24 76 53 10 32 18 56 17 71 64 62 3 57 54 42 60 31 20 58 33 1 35 92 43 86 12 79 63 49 95 9 88 29 50 65 37 21 59 7 36 15 89 6 11 45 38 98 82 30 2 69 81 8 47 74 4 72 46
94 10 83 78 100 67 61 32 18 34 76 53 24 56 23 26 17 57 64 3 71 62 52 68 91 54 42 60 93 48 75 66 70 90 16 31 19 84 44 97 14 55 0 96 20 58 73 13 1 33 35 25 99 39 85 77 27 28 80 92 43 87 86 79 12 40 63 49 95 9 88 29 50 65 37 21 7 59 36 5 51 15 89 22 41 6 11 45 98 38 82 30 2 69 81 8 47 74 72 4 46
41 22 51 5 40 87 80 85 77 27 28 39 99 25 13 73 96 14 55 0 97 44 90 16 70 19 84 48 75 66 93 91 68 52 26 23 34 83 67 61 100 78 94 24 76 53 10 32 18 56 17 71 62 64 3 57 42 54 60 31 20 58 33 1 35 92 43 86 12 79 63 95 49 9 88 29 50 65 37 21 7 59 36 89 15 6 11 45 38 98 82 30 2 69 81 8 47 74 4 72 46
99 25 39 87 27 77 28 85 80 13 40 73 96 14 97 44 55 0 16 90 70 84 19 48 66 75 93 91 68 52 41 5 51 22 26 23 34 83 67 61 100 78 94 24 76 53 10 32 18 56 17 71 64 62 3 57 54 42 60 31 20 58 33 1 35 92 43 86 12 79 63 95 49 9 88 29 50 65 37 21 7 59 36 15 89 6 11 45 38 98 82 30 2 69 81 8 47 74 4 72 46
99 25 39 87 80 13 27 77 28 85 40 73 96 14 97 44 55 0 16 90 70 84 19 48 66 75 93 91 68 52 41 5 51 22 26 23 34 83 67 61 100 78 94 53 76 24 10 32 18 56 17 57 3 64 71 62 54 42 60 31 20 58 33 1 35 92 43 86 12 79 63 95 49 9 88 29 50 65 37 21 7 59 36 89 15 6 11 45 38 98 82 30 2 69 81 8 47 74 4 72 46
40 41 87 80 22 77 27 28 85 39 25 99 51 5 13 73 96 14 0 55 97 44 16 90 70 19 84 48 66 75 93 91 68 52 26 23 34 83 61 67 100 78 94 24 76 53 10 32 18 56 17 71 62 64 3 57 54 42 60 31 20 58 33 1 35 92 43 86 12 79 63 95 49 9 88 29 50 65 37 21 7 59 36 89 15 6 11 45 98 38 82 30 2 69 81 8 47 74 4 72 46
41 22 51 5 40 87 80 85 77 27 28 39 99 25 13 73 96 14 55 0 97 44 90 16 70 19 84 48 75 66 93 91 68 52 26 23 34 83 67 61 100 78 94 24 76 53 10 32 18 56 17 71 64 62 3 57 54 42 60 31 20 58 33 1 35 92 43 86 12 79 63 95 49 9 88 29 50 65 37 21 7 59 36 15 89 6 11 45 38 98 82 30 2 69 81 8 47 74 4 72 46
56 10 94 18 32 78 83 100 61 67 34 24 76 53 62 71 57 3 64 17 23 26 54 42 60 31 52 68 91 93 66 75 70 48 90 16 84 19 58 20 1 33 44 97 14 35 55 0 96 13 73 43 92 86 99 25 79 12 39 63 95 49 77 85 28 27 80 9 87 88 40 29 65 50 37 21 7 59 36 89 15 6 51 5 22 41 11 45 98 38 82 30 2 81 69 8 47 74 4 72 46
68 16 90 52 70 26 23 91 66 75 48 93 83 84 19 34 67 61 100 78 94 97 44 14 96 10 55 0 32 76 24 53 13 18 73 56 25 99 39 28 77 85 27 80 87 17 64 57 3 71 62 40 54 42 60 31 20 58 5 51 1 33 41 22 35 43 92 86 79 12 63 95 49 9 88 29 50 65 37 21 7 59 36 89 15 6 11 45 98 38 82 30 2 69 81 8 47 74 4 72 46
90 16 70 68 52 66 75 48 93 26 19 84 91 23 83 34 97 44 67 61 100 96 14 78 94 55 0 13 73 10 25 99 32 53 24 76 39 18 56 85 27 28 77 80 87 40 17 64 57 3 71 62 54 42 60 31 51 5 41 22 58 20 1 33 35 43 92 86 79 12 63 95 49 9 88 29 65 50 37 21 59 7 36 15 89 6 11 45 98 38 82 30 2 69 81 8 47 74 72 4 46
41 22 51 5 40 87 80 28 85 77 27 39 25 99 13 73 96 14 0 55 97 44 16 90 70 19 84 48 66 75 93 91 68 52 26 23 34 83 61 67 100 78 94 24 76 53 10 32 18 56 17 71 62 64 3 57 54 42 60 31 20 58 33 1 35 92 43 86 12 79 63 49 95 9 88 29 50 65 37 21 59 7 36 89 15 6 11 45 38 98 82 30 2 69 81 8 47 74 4 72 46
41 22 51 5 40 87 80 28 85 77 27 39 25 99 13 73 96 14 0 55 97 44 16 90 70 19 84 48 66 75 93 91 68 52 26 23 34 83 61 67 100 78 94 24 76 53 10 32 18 56 17 71 62 64 3 57 54 42 60 31 20 58 33 1 35 92 43 86 12 79 63 95 49 9 88 29 50 65 37 21 7 59 36 15 89 6 11 45 38 98 82 30 2 69 81 8 47 74 46 4 72
41 22 51 5 40 87 80 28 85 77 27 39 25 99 13 73 96 14 0 55 97 44 16 90 70 19 84 48 66 75 93 91 68 52 26 23 34 83 61 67 100 78 94 24 76 53 10 32 18 56 17 71 62 64 3 57 42 54 60 31 20 58 33 1 35 92 43 86 12 79 63 95 49 9 88 29 50 65 37 21 7 59 36 89 15 6 11 45 98 38 82 30 2 69 81 8 47 74 4 72 46
31 58 1 33 20 35 43 92 79 54 42 86 60 12 63 95 49 9 57 3 64 62 71 88 17 50 65 29 56 37 18 21 32 10 7 59 94 36 89 15 53 24 76 78 100 61 67 83 34 6 23 26 52 68 11 91 93 66 75 48 70 16 90 84 19 44 97 14 55 0 96 45 73 13 99 25 39 98 38 77 27 28 85 80 87 40 82 30 2 5 51 22 41 69 81 8 47 74 72 4 46
41 22 51 5 40 87 80 85 77 27 28 39 99 25 13 73 96 14 55 0 97 44 90 16 70 19 84 48 75 66 93 91 68 52 26 23 34 83 67 61 100 78 94 24 76 53 10 32 18 56 17 71 64 62 3 57 54 42 60 31 20 58 33 1 35 92 43 86 12 79 63 95 49 9 88 29 50 65 37 21 59 7 36 89 15 6 11 45 38 98 82 30 2 69 81 8 47 74 4 72 46
41 22 40 51 5 87 80 28 85 77 27 39 25 99 13 73 96 14 0 55 97 44 16 90 70 19 84 48 66 75 93 91 68 52 26 23 34 83 61 67 100 78 94 24 76 53 10 32 18 56 17 71 64 62 3 57 42 54 60 31 20 58 33 1 35 92 43 86 12 79 63 95 49 9 88 29 50 65 37 21 7 59 36 15 89 6 11 45 98 38 82 30 2 69 81 8 47 74 4 72 46
40 87 77 28 27 85 80 39 25 99 41 13 22 73 51 5 96 14 0 55 97 44 16 90 70 19 84 48 66 75 93 91 68 52 26 23 34 83 61 67 100 78 94 24 76 53 10 32 18 56 17 71 64 62 3 57 54 42 60 31 20 58 33 1 35 92 43 86 12 79 63 95 49 9 88 29 50 65 37 21 7 59 36 89 15 6 11 45 98 38 82 30 2 69 81 8 47 74 4 72 46
41 5 51 22 87 40 80 39 25 99 28 27 85 77 13 73 96 14 55 0 97 44 90 16 70 19 84 75 66 48 93 68 91 52 26 23 34 83 67 61 100 78 94 53 76 24 10 32 18 56 17 57 3 64 71 62 54 42 60 31 20 58 1 33 35 43 92 86 12 79 63 49 95 9 88 29 50 65 37 21 7 59 36 89 15 6 11 45 98 38 82 30 2 69 81 8 47 74 4 72 46
53 76 24 83 100 61 67 78 34 94 10 32 23 26 18 56 52 91 68 17 57 64 3 71 62 93 48 70 66 75 16 90 84 19 42 54 60 44 97 14 55 0 31 96 73 13 25 99 20 39 77 27 85 28 58 80 33 1 87 35 40 92 43 86 12 79 63 49 95 9 88 29 50 65 37 5 51 22 41 21 59 7 36 15 89 6 11 45 98 38 82 30 2 81 69 8 47 74 72 4 46
41 22 51 5 40 87 80 28 85 77 27 39 25 99 13 73 96 14 0 55 97 44 16 90 70 19 84 48 66 75 93 91 68 52 26 23 34 83 61 67 100 78 94 24 76 53 10 32 18 56 17 71 64 62 3 57 54 42 60 31 20 58 33 1 35 92 43 86 12 79 63 49 95 9 88 29 50 65 37 21 59 7 36 89 15 6 11 45 38 98 82 30 2 69 81 8 47 74 4 72 46
41 22 51 5 40 87 80 28 85 77 27 39 25 99 13 73 96 14 0 55 97 44 16 90 70 19 84 48 66 75 93 91 68 52 26 23 34 83 61 67 100 78 94 24 76 53 10 32 18 56 17 71 64 62 3 57 42 54 60 31 20 58 33 1 35 92 43 86 12 79 63 95 49 9 88 29 50 65 37 21 7 59 36 15 89 6 11 45 38 98 82 30 2 69 81 8 47 74 4 72 46
14 97 44 25 99 96 13 55 0 16 90 73 70 77 27 28 85 39 48 84 19 75 66 80 93 87 91 40 68 52 26 23 34 83 67 61 100 78 94 53 24 76 41 22 10 5 51 32 18 56 17 62 71 57 64 3 54 42 60 31 20 58 33 1 35 92 43 86 12 79 63 49 95 9 88 29 65 50 37 21 7 59 36 89 15 6 11 45 98 38 82 30 2 69 81 8 47 74 4 72 46
99 25 39 87 77 85 28 27 40 80 13 73 96 14 97 44 0 55 16 90 70 19 84 48 75 66 93 91 68 41 52 22 51 5 26 23 34 83 61 67 100 78 94 24 76 53 10 32 18 56 17 71 64 62 3 57 54 42 60 31 20 58 33 1 35 92 43 86 12 79 63 95 49 9 88 29 50 65 37 21 7 59 36 89 15 6 11 45 38 98 82 30 2 69 81 8 47 74 4 72 46
31 20 58 1 33 60 35 42 54 92 43 57 64 3 71 62 86 79 17 12 63 95 49 9 56 88 18 32 29 10 65 50 53 76 24 94 37 78 21 100 61 67 83 34 7 59 36 23 89 15 26 6 52 68 91 93 75 66 48 70 16 90 84 19 11 44 97 0 55 14 96 73 13 25 99 45 39 77 27 85 28 80 87 40 98 38 82 30 2 5 51 22 41 81 69 8 47 74 72 4 46
41 22 51 5 40 87 80 28 85 77 27 39 25 99 13 73 96 14 0 55 97 44 16 90 70 19 84 48 66 75 93 91 68 52 26 23 34 83 61 67 100 78 94 24 76 53 10 32 18 56 17 71 64 62 3 57 54 42 60 31 20 58 33 1 35 92 43 86 12 79 63 95 49 9 88 29 50 65 37 21 7 59 36 15 89 6 11 45 38 98 82 2 30 69 81 8 47 74 4 72 46
99 25 28 77 85 27 40 39 87 80 13 73 14 96 97 44 55 0 16 90 70 48 84 19 66 75 93 91 68 52 41 22 5 51 26 23 34 83 67 61 100 78 94 24 76 53 10 32 18 56 17 71 64 62 3 57 54 42 60 31 20 58 33 1 35 92 43 86 12 79 63 95 49 9 88 29 50 65 37 21 7 59 36 15 89 6 11 45 98 38 82 30 2 69 81 8 47 74 4 72 46
41 22 51 5 40 87 80 85 77 27 28 39 99 25 13 73 96 14 55 0 97 44 90 16 70 19 84 48 75 66 93 91 68 52 26 23 34 83 67 61 100 78 94 53 76 24 10 32 18 56 17 57 3 64 71 62 42 54 60 31 20 58 33 1 35 92 43 86 12 79 63 95 49 9 88 29 50 65 37 21 7 59 36 89 15 6 11 45 38 98 82 30 2 69 81 8 47 74 46 4 72
16 90 70 66 75 48 97 19 84 44 93 96 14 68 13 55 0 52 91 99 25 73 39 77 85 27 28 80 26 87 23 40 83 34 67 61 100 78 94 10 53 76 24 32 18 56 17 51 5 62 71 57 64 3 41 22 54 42 60 31 20 58 1 33 35 43 92 86 79 12 63 95 49 9 88 29 65 50 37 21 59 7 36 89 15 6 11 45 38 98 82 30 2 69 81 8 47 74 4 72 46
41 22 51 5 40 87 80 85 77 27 28 39 99 25 13 73 96 14 55 0 97 44 90 16 70 19 84 48 75 66 93 91 68 52 26 23 34 83 67 61 100 78 94 24 76 53 10 32 18 56 17 71 64 62 3 57 42 54 60 31 20 58 33 1 35 92 43 86 12 79 63 95 49 9 88 29 50 65 37 21 7 59 36 89 15 6 11 45 38 98 82 2 30 69 81 8 47 74 4 72 46
41 51 5 22 40 87 80 39 85 28 27 77 25 99 13 73 96 14 55 0 97 44 90 16 70 19 84 48 75 66 93 68 91 52 26 23 34 83 67 61 100 78 94 24 76 53 10 32 18 56 17 71 64 62 3 57 54 42 60 31 20 58 33 1 35 43 92 86 12 79 63 49 95 9 88 29 50 65 37 21 59 7 36 15 89 6 11 45 38 98 82 30 2 69 81 8 47 74 46 4 72
16 90 70 13 96 97 44 14 25 99 66 75 19 84 39 48 73 93 0 55 68 80 87 85 77 28 27 52 91 40 26 23 83 34 67 61 100 78 94 10 53 76 24 32 18 5 51 56 41 22 17 71 62 57 64 3 54 42 60 31 58 20 1 33 35 43 92 86 79 12 63 95 49 9 88 29 65 50 37 21 7 59 36 89 15 6 11 45 98 38 82 30 2 69 81 8 47 74 4 72 46
41 22 51 5 40 87 80 85 77 27 28 39 99 25 13 73 96 14 55 0 97 44 90 16 70 19 84 48 75 66 93 91 68 52 26 23 34 83 67 61 100 78 94 53 76 24 10 32 18 56 17 57 3 64 71 62 42 54 60 31 20 58 33 1 35 92 43 86 12 79 63 95 49 9 88 29 50 65 37 21 59 7 36 89 15 6 11 45 38 98 82 30 2 69 81 8 47 74 4 72 46
87 39 40 25 99 80 85 28 77 27 13 73 96 14 97 44 55 0 41 5 51 22 16 90 70 19 84 48 75 66 93 68 91 52 26 23 83 34 61 67 100 78 94 53 76 24 10 32 18 56 17 57 3 64 71 62 54 42 60 31 20 58 1 33 35 92 43 86 12 79 63 95 49 9 88 29 50 65 37 21 7 59 36 89 15 6 11 45 98 38 82 30 2 69 81 8 47 74 4 72 46
83 67 61 100 34 94 78 26 23 10 32 76 24 53 18 56 52 68 91 16 90 70 93 75 66 48 19 84 17 64 57 62 71 3 54 42 44 97 14 60 55 0 96 31 13 73 99 25 39 77 85 28 27 80 87 20 58 40 1 33 35 92 43 86 79 12 63 95 49 9 88 29 50 65 5 51 22 41 37 21 7 59 36 15 89 6 11 45 38 98 82 30 2 69 81 8 47 74 4 72 46
41 22 51 5 40 87 80 85 77 27 28 39 99 25 13 73 96 14 55 0 97 44 90 16 70 19 84 48 75 66 93 91 68 52 26 23 34 83 67 61 100 78 94 24 76 53 10 32 18 56 17 71 62 64 3 57 54 42 60 31 20 58 33 1 35 92 43 86 12 79 63 95 49 9 88 29 50 65 37 21 7 59 36 89 15 6 11 45 38 98 82 30 2 69 81 8 47 74 4 72 46
41 22 51 5 40 87 80 85 77 27 28 39 99 25 13 73 96 14 55 0 97 44 90 16 70 19 84 48 75 66 93 91 68 52 26 23 34 83 67 61 100 78 94 24 76 53 10 32 18 56 17 71 64 62 3 57 54 42 60 31 20 58 33 1 35 92 43 86 12 79 63 95 49 9 88 29 50 65 37 21 7 59 36 15 89 6 11 45 38 98 82 30 2 69 81 8 47 74 4 72 46
99 25 27 77 85 28 13 14 39 96 97 73 44 55 0 80 87 40 90 16 70 48 19 84 75 66 93 91 68 52 26 23 41 22 34 83 5 51 67 61 100 78 94 24 76 53 10 32 18 56 17 71 64 62 3 57 42 54 60 31 20 58 33 1 35 92 43 86 12 79 63 95 49 9 88 29 50 65 37 21 7 59 36 15 89 6 11 45 98 38 82 30 2 69 81 8 47 74 4 72 46
41 22 51 5 40 87 80 85 77 27 28 39 99 25 13 73 96 14 55 0 97 44 90 16 70 19 84 48 75 66 93 91 68 52 26 23 34 83 67 61 100 78 94 24 76 53 10 32 18 56 17 71 62 64 3 57 42 54 60 31 20 58 33 1 35 92 43 86 12 79 63 49 95 9 88 29 50 65 37 21 59 7 36 89 15 6 11 45 98 38 82 2 30 69 81 8 47 74 4 72 46
16 90 70 68 52 48 66 75 91 93 19 84 26 23 97 44 83 14 34 96 67 61 55 0 100 13 78 73 94 99 25 10 39 76 24 53 32 85 28 77 27 80 18 87 56 40 17 57 64 3 62 71 54 42 60 31 5 51 41 22 20 58 1 33 35 92 43 86 79 12 63 49 95 9 88 29 65 50 37 21 7 59 36 89 15 6 11 45 98 38 82 30 2 69 81 8 47 74 4 72 46
41 22 51 5 40 87 80 39 85 28 27 77 25 99 13 73 96 14 55 0 97 44 90 16 70 19 84 48 75 66 93 68 91 52 26 23 34 83 67 61 100 78 94 24 76 53 10 32 18 56 17 71 62 64 3 57 54 42 60 31 20 58 33 1 35 92 43 86 12 79 63 49 95 9 88 29 50 65 37 21 7 59 36 15 89 6 11 45 38 98 82 30 2 69 81 8 47 74 4 72 46
41 22 51 5 40 87 80 85 77 27 28 39 99 25 13 73 96 14 55 0 97 44 90 16 70 19 84 48 75 66 93 91 68 52 26 23 34 83 67 61 100 78 94 24 76 53 10 32 18 56 17 71 62 64 3 57 54 42 60 31 20 58 33 1 35 92 43 86 12 79 63 95 49 9 88 29 50 65 37 21 59 7 36 15 89 6 11 45 38 98 82 30 2 69 81 8 47 74 46 4 72
41 22 51 5 40 87 80 85 77 27 28 39 99 25 13 73 96 14 55 0 97 44 90 16 70 19 84 48 75 66 93 91 68 52 26 23 34 83 67 61 100 78 94 53 76 24 10 32 18 56 17 57 3 64 71 62 54 42 60 31 20 58 33 1 35 92 43 86 12 79 63 95 49 9 88 29 50 65 37 21 7 59 36 89 15 6 11 45 38 98 82 30 2 69 81 8 47 74 4 72 46
54 42 60 31 71 62 3 57 64 17 56 20 58 18 33 1 32 10 35 24 53 76 94 78 92 100 43 67 61 86 83 79 12 34 63 49 95 23 26 9 88 29 50 65 52 68 91 37 21 93 48 66 75 70 90 16 84 19 7 59 36 15 89 44 97 55 0 14 96 6 73 13 25 99 39 28 77 27 85 80 11 87 40 45 98 38 51 5 22 41 82 30 2 69 81 8 47 74 4 72 46
41 22 51 5 40 87 80 85 77 27 28 39 99 25 13 73 96 14 55 0 97 44 90 16 70 19 84 48 75 66 93 91 68 52 26 23 34 83 67 61 100 78 94 24 76 53 10 32 18 56 17 71 62 64 3 57 54 42 60 31 20 58 33 1 35 92 43 86 12 79 63 95 49 9 88 29 50 65 37 21 7 59 36 89 15 6 11 45 38 98 82 30 2 69 81 8 47 74 4 72 46
41 22 51 5 40 87 80 28 85 77 27 39 25 99 13 73 96 14 0 55 97 44 16 90 70 19 84 48 66 75 93 91 68 52 26 23 34 83 61 67 100 78 94 24 76 53 10 32 18 56 17 71 64 62 3 57 42 54 60 31 20 58 33 1 35 92 43 86 12 79 63 95 49 9 88 29 50 65 37 21 7 59 36 89 15 6 11 45 38 98 82 30 2 69 81 8 47 74 4 72 46
